en: 207302.665675 / 35240 = 5.883
sp: 149002.592075 / 35080 = 4.248